2177
{'instances': Instances(num_instances=16, image_height=900, image_width=1600, fields=[pred_boxes: Boxes(tensor([[ 439.8417,  457.4710,  587.7747,  536.4973],
        [ 994.1229,  440.7923, 1065.0052,  489.1974],
        [ 791.2563,   87.3749,  835.3834,  172.7634],
        [ 613.8223,  451.5982,  756.2208,  545.6029],
        [ 899.7120,  439.8498,  963.1254,  488.3342],
        [ 997.4274,   87.5653, 1039.8567,  176.0089],
        [1216.2798,  417.4620, 1241.8733,  482.9495],
        [ 354.0920,  449.8264,  374.2607,  519.6930],
        [ 410.6724,  455.0635,  473.3337,  506.7617],
        [ 979.8338,  429.6939, 1012.9618,  456.4431],
        [ 785.7093,  435.8419,  828.3973,  467.6385],
        [ 547.5965,  443.8878,  649.9814,  495.7642],
        [ 372.0573,  467.9463,  389.9101,  517.0040],
        [1561.3894,  429.4972, 1598.3010,  582.6443],
        [1107.8904,  425.2637, 1126.2971,  467.2281],
        [ 831.4548,  420.4323,  854.8945,  440.7881]], device='cuda:0')), scores: tensor([0.9977, 0.9965, 0.9965, 0.9946, 0.9937, 0.9923, 0.9921, 0.9882, 0.9860,
        0.9782, 0.9776, 0.9705, 0.9593, 0.8916, 0.8852, 0.8024],
       device='cuda:0'), pred_classes: tensor([2, 2, 9, 2, 2, 9, 0, 0, 2, 2, 2, 2, 0, 0, 0, 2], device='cuda:0')])}
