Processing File:  4dc2e5fa449f41448824a40820f8ab36.png
811.0076293945312Car 0.0 0.0 0.0 479.5194396972656Car 0.0 0.0 0.0 875.2888793945312Car 0.0 0.0 0.0 530.1380615234375 0.0 0.0 0.0 0.0 0.0 0.0 0.0 0.0
518.8563232421875Car 0.0 0.0 0.0 481.4648132324219Car 0.0 0.0 0.0 616.1122436523438Car 0.0 0.0 0.0 556.8597412109375 0.0 0.0 0.0 0.0 0.0 0.0 0.0 0.0
413.4671936035156Car 0.0 0.0 0.0 469.9882507324219Car 0.0 0.0 0.0 541.838134765625Car 0.0 0.0 0.0 582.0214233398438 0.0 0.0 0.0 0.0 0.0 0.0 0.0 0.0
750.4083251953125Car 0.0 0.0 0.0 473.1836853027344Car 0.0 0.0 0.0 796.7102661132812Car 0.0 0.0 0.0 513.305419921875 0.0 0.0 0.0 0.0 0.0 0.0 0.0 0.0
637.3098754882812Car 0.0 0.0 0.0 467.0573425292969Car 0.0 0.0 0.0 704.9715576171875Car 0.0 0.0 0.0 533.7184448242188 0.0 0.0 0.0 0.0 0.0 0.0 0.0 0.0
577.7820434570312Car 0.0 0.0 0.0 474.5434875488281Car 0.0 0.0 0.0 658.1802368164062Car 0.0 0.0 0.0 536.0126953125 0.0 0.0 0.0 0.0 0.0 0.0 0.0 0.0
116.0185546875Car 0.0 0.0 0.0 463.6116638183594Car 0.0 0.0 0.0 459.0536804199219Car 0.0 0.0 0.0 642.3262329101562 0.0 0.0 0.0 0.0 0.0 0.0 0.0 0.0
713.0827026367188Car 0.0 0.0 0.0 465.5968933105469Car 0.0 0.0 0.0 768.6821899414062Car 0.0 0.0 0.0 497.23101806640625 0.0 0.0 0.0 0.0 0.0 0.0 0.0 0.0
Boxes: 
Boxes(tensor([[811.0076, 479.5194, 875.2889, 530.1381],
        [518.8563, 481.4648, 616.1122, 556.8597],
        [413.4672, 469.9883, 541.8381, 582.0214],
        [750.4083, 473.1837, 796.7103, 513.3054],
        [637.3099, 467.0573, 704.9716, 533.7184],
        [577.7820, 474.5435, 658.1802, 536.0127],
        [116.0186, 463.6117, 459.0537, 642.3262],
        [817.5077, 427.4975, 877.3906, 504.3596],
        [713.0827, 465.5969, 768.6822, 497.2310]]))
Classes: 
tensor([2, 2, 2, 2, 2, 2, 2, 7, 2])
Processing File:  6c662b1258e34752be332dcc1eccb7a8.png
264.9486083984375Pedestrian 0.0 0.0 0.0 422.42864990234375Pedestrian 0.0 0.0 0.0 314.46002197265625Pedestrian 0.0 0.0 0.0 559.7093505859375 0.0 0.0 0.0 0.0 0.0 0.0 0.0 0.0
227.0538787841797Pedestrian 0.0 0.0 0.0 418.281494140625Pedestrian 0.0 0.0 0.0 272.884033203125Pedestrian 0.0 0.0 0.0 554.138427734375 0.0 0.0 0.0 0.0 0.0 0.0 0.0 0.0
274.65008544921875Car 0.0 0.0 0.0 444.0399475097656Car 0.0 0.0 0.0 542.3876342773438Car 0.0 0.0 0.0 557.3773193359375 0.0 0.0 0.0 0.0 0.0 0.0 0.0 0.0
1383.103515625Pedestrian 0.0 0.0 0.0 483.0899658203125Pedestrian 0.0 0.0 0.0 1425.896728515625Pedestrian 0.0 0.0 0.0 593.60400390625 0.0 0.0 0.0 0.0 0.0 0.0 0.0 0.0
799.4837036132812Car 0.0 0.0 0.0 475.7798767089844Car 0.0 0.0 0.0 853.5184326171875Car 0.0 0.0 0.0 506.43341064453125 0.0 0.0 0.0 0.0 0.0 0.0 0.0 0.0
987.9976806640625Car 0.0 0.0 0.0 472.0752868652344Car 0.0 0.0 0.0 1120.0067138671875Car 0.0 0.0 0.0 560.2581787109375 0.0 0.0 0.0 0.0 0.0 0.0 0.0 0.0
Boxes: 
Boxes(tensor([[ 264.9486,  422.4286,  314.4600,  559.7094],
        [ 227.0539,  418.2815,  272.8840,  554.1384],
        [ 274.6501,  444.0399,  542.3876,  557.3773],
        [1383.1035,  483.0900, 1425.8967,  593.6040],
        [ 799.4837,  475.7799,  853.5184,  506.4334],
        [ 987.9977,  472.0753, 1120.0067,  560.2582]]))
Classes: 
tensor([0, 0, 2, 0, 2, 2])
Processing File:  8484f806540a4824bccfb53f7d89755b.png
1166.6822509765625Car 0.0 0.0 0.0 406.6767578125Car 0.0 0.0 0.0 1457.3682861328125Car 0.0 0.0 0.0 515.8564453125 0.0 0.0 0.0 0.0 0.0 0.0 0.0 0.0
1563.0396728515625Car 0.0 0.0 0.0 432.4772033691406Car 0.0 0.0 0.0 1600.0Car 0.0 0.0 0.0 477.9534912109375 0.0 0.0 0.0 0.0 0.0 0.0 0.0 0.0
Boxes: 
Boxes(tensor([[1166.6823,  406.6768, 1457.3683,  515.8564],
        [ 720.0176,  289.6974,  743.0653,  338.5228],
        [ 601.1757,  296.7573,  624.8773,  347.9486],
        [1430.8099,   40.6472, 1491.9879,  148.7149],
        [1563.0397,  432.4772, 1600.0000,  477.9535]]))
Classes: 
tensor([2, 9, 9, 9, 2])
Processing File:  000681a060c04755a1537cf83b53ba57.png
1536.6666259765625Car 0.0 0.0 0.0 523.1178588867188Car 0.0 0.0 0.0 1598.9986572265625Car 0.0 0.0 0.0 602.0543212890625 0.0 0.0 0.0 0.0 0.0 0.0 0.0 0.0
651.3930053710938Pedestrian 0.0 0.0 0.0 488.2076110839844Pedestrian 0.0 0.0 0.0 674.3170776367188Pedestrian 0.0 0.0 0.0 558.5635375976562 0.0 0.0 0.0 0.0 0.0 0.0 0.0 0.0
Boxes: 
Boxes(tensor([[1536.6666,  523.1179, 1598.9987,  602.0543],
        [ 651.3930,  488.2076,  674.3171,  558.5635]]))
Classes: 
tensor([2, 0])
Processing File:  2e354da2e39c4fb59053be18e61d2f7c.png
713.8134765625Car 0.0 0.0 0.0 528.2797241210938Car 0.0 0.0 0.0 739.6951293945312Car 0.0 0.0 0.0 544.4630126953125 0.0 0.0 0.0 0.0 0.0 0.0 0.0 0.0
749.0365600585938Car 0.0 0.0 0.0 526.1724243164062Car 0.0 0.0 0.0 778.6409912109375Car 0.0 0.0 0.0 540.5823974609375 0.0 0.0 0.0 0.0 0.0 0.0 0.0 0.0
Boxes: 
Boxes(tensor([[713.8135, 528.2797, 739.6951, 544.4630],
        [749.0366, 526.1724, 778.6410, 540.5824]]))
Classes: 
tensor([2, 2])
Processing File:  b4799bade00a402693dfa295adeea027.png
Boxes: 
Boxes(tensor([[413.0833, 130.6320, 970.6185, 733.9156]]))
Classes: 
tensor([5])
Processing File:  02fa71fc16d449c382c24b1b7deef3ba.png
633.6437377929688Car 0.0 0.0 0.0 490.0419006347656Car 0.0 0.0 0.0 727.174072265625Car 0.0 0.0 0.0 534.723876953125 0.0 0.0 0.0 0.0 0.0 0.0 0.0 0.0
1437.3438720703125Car 0.0 0.0 0.0 477.9988708496094Car 0.0 0.0 0.0 1469.623291015625Car 0.0 0.0 0.0 512.9899291992188 0.0 0.0 0.0 0.0 0.0 0.0 0.0 0.0
Boxes: 
Boxes(tensor([[   8.5452,  317.2334,  577.2314,  626.1749],
        [ 633.6437,  490.0419,  727.1741,  534.7239],
        [1437.3439,  477.9989, 1469.6233,  512.9899]]))
Classes: 
tensor([7, 2, 2])
Processing File:  627e704445a44e158f8bd7566d764de3.png
3.7996010780334473Car 0.0 0.0 0.0 512.04541015625Car 0.0 0.0 0.0 170.22389221191406Car 0.0 0.0 0.0 578.5662841796875 0.0 0.0 0.0 0.0 0.0 0.0 0.0 0.0
1304.506103515625Car 0.0 0.0 0.0 479.045166015625Car 0.0 0.0 0.0 1600.0Car 0.0 0.0 0.0 626.8447265625 0.0 0.0 0.0 0.0 0.0 0.0 0.0 0.0
715.9591674804688Car 0.0 0.0 0.0 481.3315734863281Car 0.0 0.0 0.0 780.1324462890625Car 0.0 0.0 0.0 530.3863525390625 0.0 0.0 0.0 0.0 0.0 0.0 0.0 0.0
899.2703247070312Car 0.0 0.0 0.0 477.3041687011719Car 0.0 0.0 0.0 978.1185913085938Car 0.0 0.0 0.0 521.1672973632812 0.0 0.0 0.0 0.0 0.0 0.0 0.0 0.0
974.1978149414062Car 0.0 0.0 0.0 465.97930908203125Car 0.0 0.0 0.0 1079.463623046875Car 0.0 0.0 0.0 534.6254272460938 0.0 0.0 0.0 0.0 0.0 0.0 0.0 0.0
631.8710327148438Car 0.0 0.0 0.0 478.4431457519531Car 0.0 0.0 0.0 663.9373168945312Car 0.0 0.0 0.0 505.4620361328125 0.0 0.0 0.0 0.0 0.0 0.0 0.0 0.0
279.5097351074219Car 0.0 0.0 0.0 494.4642639160156Car 0.0 0.0 0.0 350.64422607421875Car 0.0 0.0 0.0 540.9440307617188 0.0 0.0 0.0 0.0 0.0 0.0 0.0 0.0
342.08721923828125Car 0.0 0.0 0.0 495.2593078613281Car 0.0 0.0 0.0 381.5942687988281Car 0.0 0.0 0.0 534.6773681640625 0.0 0.0 0.0 0.0 0.0 0.0 0.0 0.0
1057.737548828125Car 0.0 0.0 0.0 470.7070617675781Car 0.0 0.0 0.0 1152.7469482421875Car 0.0 0.0 0.0 499.5042724609375 0.0 0.0 0.0 0.0 0.0 0.0 0.0 0.0
248.3335723876953Car 0.0 0.0 0.0 502.1582336425781Car 0.0 0.0 0.0 305.6463623046875Car 0.0 0.0 0.0 549.6487426757812 0.0 0.0 0.0 0.0 0.0 0.0 0.0 0.0
453.8872985839844Car 0.0 0.0 0.0 489.8085632324219Car 0.0 0.0 0.0 479.2313232421875Car 0.0 0.0 0.0 504.5076904296875 0.0 0.0 0.0 0.0 0.0 0.0 0.0 0.0
367.4351501464844Car 0.0 0.0 0.0 493.10235595703125Car 0.0 0.0 0.0 402.73309326171875Car 0.0 0.0 0.0 524.4140014648438 0.0 0.0 0.0 0.0 0.0 0.0 0.0 0.0
1403.29150390625Car 0.0 0.0 0.0 449.7662658691406Car 0.0 0.0 0.0 1501.9598388671875Car 0.0 0.0 0.0 478.2775573730469 0.0 0.0 0.0 0.0 0.0 0.0 0.0 0.0
682.5916137695312Car 0.0 0.0 0.0 484.0158996582031Car 0.0 0.0 0.0 711.11328125Car 0.0 0.0 0.0 505.1504211425781 0.0 0.0 0.0 0.0 0.0 0.0 0.0 0.0
1528.0633544921875Car 0.0 0.0 0.0 450.8229675292969Car 0.0 0.0 0.0 1598.117431640625Car 0.0 0.0 0.0 482.4449768066406 0.0 0.0 0.0 0.0 0.0 0.0 0.0 0.0
1185.9425048828125Car 0.0 0.0 0.0 462.5265808105469Car 0.0 0.0 0.0 1229.2098388671875Car 0.0 0.0 0.0 495.44537353515625 0.0 0.0 0.0 0.0 0.0 0.0 0.0 0.0
395.8154296875Car 0.0 0.0 0.0 492.9896240234375Car 0.0 0.0 0.0 426.9927673339844Car 0.0 0.0 0.0 521.1642456054688 0.0 0.0 0.0 0.0 0.0 0.0 0.0 0.0
425.1322937011719Car 0.0 0.0 0.0 490.3571472167969Car 0.0 0.0 0.0 446.8390808105469Car 0.0 0.0 0.0 505.7920837402344 0.0 0.0 0.0 0.0 0.0 0.0 0.0 0.0
854.7713012695312Car 0.0 0.0 0.0 476.9546813964844Car 0.0 0.0 0.0 908.8090209960938Car 0.0 0.0 0.0 515.9364013671875 0.0 0.0 0.0 0.0 0.0 0.0 0.0 0.0
774.24462890625Car 0.0 0.0 0.0 485.194580078125Car 0.0 0.0 0.0 799.8817138671875Car 0.0 0.0 0.0 511.9488525390625 0.0 0.0 0.0 0.0 0.0 0.0 0.0 0.0
2.354033946990967Car 0.0 0.0 0.0 489.8425598144531Car 0.0 0.0 0.0 100.84171295166016Car 0.0 0.0 0.0 532.7612915039062 0.0 0.0 0.0 0.0 0.0 0.0 0.0 0.0
808.9202880859375Car 0.0 0.0 0.0 483.6085205078125Car 0.0 0.0 0.0 839.2334594726562Car 0.0 0.0 0.0 509.73370361328125 0.0 0.0 0.0 0.0 0.0 0.0 0.0 0.0
Boxes: 
Boxes(tensor([[   3.7996,  512.0454,  170.2239,  578.5663],
        [1304.5061,  479.0452, 1600.0000,  626.8447],
        [ 715.9592,  481.3316,  780.1324,  530.3864],
        [ 899.2703,  477.3042,  978.1186,  521.1673],
        [ 974.1978,  465.9793, 1079.4636,  534.6254],
        [ 631.8710,  478.4431,  663.9373,  505.4620],
        [ 279.5097,  494.4643,  350.6442,  540.9440],
        [ 342.0872,  495.2593,  381.5943,  534.6774],
        [1057.7375,  470.7071, 1152.7469,  499.5043],
        [ 248.3336,  502.1582,  305.6464,  549.6487],
        [ 453.8873,  489.8086,  479.2313,  504.5077],
        [ 367.4352,  493.1024,  402.7331,  524.4140],
        [1403.2915,  449.7663, 1501.9598,  478.2776],
        [ 682.5916,  484.0159,  711.1133,  505.1504],
        [1528.0634,  450.8230, 1598.1174,  482.4450],
        [1185.9425,  462.5266, 1229.2098,  495.4454],
        [ 395.8154,  492.9896,  426.9928,  521.1642],
        [ 425.1323,  490.3571,  446.8391,  505.7921],
        [ 854.7713,  476.9547,  908.8090,  515.9364],
        [ 774.2446,  485.1946,  799.8817,  511.9489],
        [   2.3540,  489.8426,  100.8417,  532.7613],
        [ 125.9893,  465.7885,  259.0701,  562.7255],
        [ 808.9203,  483.6085,  839.2335,  509.7337]]))
Classes: 
tensor([2, 2, 2, 2, 2, 2, 2, 2, 2, 2, 2, 2, 2, 2, 2, 2, 2, 2, 2, 2, 2, 7, 2])
Processing File:  5850f2ddde324e80bb28d792bfefb632.png
711.7988891601562Car 0.0 0.0 0.0 474.8971862792969Car 0.0 0.0 0.0 1001.3551635742188Car 0.0 0.0 0.0 707.3021850585938 0.0 0.0 0.0 0.0 0.0 0.0 0.0 0.0
1282.6527099609375Car 0.0 0.0 0.0 499.3296203613281Car 0.0 0.0 0.0 1600.0Car 0.0 0.0 0.0 865.5208129882812 0.0 0.0 0.0 0.0 0.0 0.0 0.0 0.0
563.0620727539062Car 0.0 0.0 0.0 473.2495422363281Car 0.0 0.0 0.0 614.81591796875Car 0.0 0.0 0.0 506.8655700683594 0.0 0.0 0.0 0.0 0.0 0.0 0.0 0.0
649.3489379882812Car 0.0 0.0 0.0 467.258544921875Car 0.0 0.0 0.0 699.6536865234375Car 0.0 0.0 0.0 504.54681396484375 0.0 0.0 0.0 0.0 0.0 0.0 0.0 0.0
711.0532836914062Car 0.0 0.0 0.0 465.2312927246094Car 0.0 0.0 0.0 761.5084838867188Car 0.0 0.0 0.0 500.3956604003906 0.0 0.0 0.0 0.0 0.0 0.0 0.0 0.0
612.2786254882812Car 0.0 0.0 0.0 459.9620056152344Car 0.0 0.0 0.0 661.5143432617188Car 0.0 0.0 0.0 499.0740661621094 0.0 0.0 0.0 0.0 0.0 0.0 0.0 0.0
Boxes: 
Boxes(tensor([[ 711.7989,  474.8972, 1001.3552,  707.3022],
        [1282.6527,  499.3296, 1600.0000,  865.5208],
        [ 910.2548,  361.0764,  924.6092,  396.6501],
        [ 563.0621,  473.2495,  614.8159,  506.8656],
        [ 952.9061,  296.2157, 1448.0481,  628.4966],
        [ 843.6892,  368.1014,  858.0853,  396.2804],
        [ 649.3489,  467.2585,  699.6537,  504.5468],
        [ 985.1011,  365.3250, 1000.1711,  394.2334],
        [ 711.0533,  465.2313,  761.5085,  500.3957],
        [ 869.5966,  436.7554,  875.3815,  449.5266],
        [ 612.2786,  459.9620,  661.5143,  499.0741],
        [ 481.7519,  278.5446,  507.8622,  335.6048]]))
Classes: 
tensor([2, 2, 9, 2, 5, 9, 2, 9, 2, 9, 2, 9])
Processing File:  a96b1f1130bb49a09be9fb4b3ac2556b.png
834.7434692382812Car 0.0 0.0 0.0 468.5971984863281Car 0.0 0.0 0.0 882.4752807617188Car 0.0 0.0 0.0 510.2760314941406 0.0 0.0 0.0 0.0 0.0 0.0 0.0 0.0
304.3532409667969Car 0.0 0.0 0.0 476.6412658691406Car 0.0 0.0 0.0 472.2939453125Car 0.0 0.0 0.0 570.6294555664062 0.0 0.0 0.0 0.0 0.0 0.0 0.0 0.0
756.6235961914062Car 0.0 0.0 0.0 473.2530822753906Car 0.0 0.0 0.0 803.859130859375Car 0.0 0.0 0.0 515.6697998046875 0.0 0.0 0.0 0.0 0.0 0.0 0.0 0.0
654.4322509765625Car 0.0 0.0 0.0 476.1629333496094Car 0.0 0.0 0.0 755.0820922851562Car 0.0 0.0 0.0 550.0874633789062 0.0 0.0 0.0 0.0 0.0 0.0 0.0 0.0
220.07785034179688Car 0.0 0.0 0.0 492.04974365234375Car 0.0 0.0 0.0 297.0459899902344Car 0.0 0.0 0.0 583.2647094726562 0.0 0.0 0.0 0.0 0.0 0.0 0.0 0.0
287.41253662109375Car 0.0 0.0 0.0 490.1957092285156Car 0.0 0.0 0.0 352.7787780761719Car 0.0 0.0 0.0 560.638671875 0.0 0.0 0.0 0.0 0.0 0.0 0.0 0.0
1161.90966796875Pedestrian 0.0 0.0 0.0 682.4581298828125Pedestrian 0.0 0.0 0.0 1205.8017578125Pedestrian 0.0 0.0 0.0 732.2086181640625 0.0 0.0 0.0 0.0 0.0 0.0 0.0 0.0
Boxes: 
Boxes(tensor([[ 834.7435,  468.5972,  882.4753,  510.2760],
        [ 304.3532,  476.6413,  472.2939,  570.6295],
        [ 756.6236,  473.2531,  803.8591,  515.6698],
        [ 654.4323,  476.1629,  755.0821,  550.0875],
        [ 220.0779,  492.0497,  297.0460,  583.2647],
        [ 287.4125,  490.1957,  352.7788,  560.6387],
        [1161.9097,  682.4581, 1205.8018,  732.2086]]))
Classes: 
tensor([2, 2, 2, 2, 2, 2, 0])
Finished
