6019
6019
{'file_name': '/mnt/nfs/scratch1/pmallya/nusc_kitti/val/image_2/a3b250411f83435d89d0dc388fd3aaa6.png', 'id': 'a3b250411f83435d89d0dc388fd3aaa6', 'annotations': [{'bbox': [445.56, 486.46, 524.3, 513.0], 'bbox_mode': <BoxMode.XYXY_ABS: 0>, 'category_id': 0}, {'bbox': [1430.31, 448.48, 1600.0, 536.45], 'bbox_mode': <BoxMode.XYXY_ABS: 0>, 'category_id': 0}]}
IM: [[[221 209 205]
  [220 208 204]
  [219 207 203]
  ...
  [ 32  34  34]
  [ 33  35  35]
  [ 32  34  34]]

 [[220 208 204]
  [220 208 204]
  [219 207 203]
  ...
  [ 31  33  33]
  [ 33  35  35]
  [ 33  35  35]]

 [[220 208 204]
  [220 208 204]
  [219 207 203]
  ...
  [ 30  32  32]
  [ 34  36  36]
  [ 34  36  36]]

 ...

 [[ 53  63  57]
  [ 54  64  58]
  [ 54  64  58]
  ...
  [ 48  56  55]
  [ 49  57  56]
  [ 50  58  57]]

 [[ 58  68  62]
  [ 58  68  62]
  [ 58  68  62]
  ...
  [ 47  55  54]
  [ 48  56  55]
  [ 50  58  57]]

 [[ 62  72  66]
  [ 62  72  66]
  [ 61  71  65]
  ...
  [ 47  55  54]
  [ 48  56  55]
  [ 49  57  56]]]
IM: [[[221 209 205]
  [220 208 204]
  [219 207 203]
  ...
  [ 32  34  34]
  [ 33  35  35]
  [ 32  34  34]]

 [[220 208 204]
  [220 208 204]
  [219 207 203]
  ...
  [ 31  33  33]
  [ 33  35  35]
  [ 33  35  35]]

 [[220 208 204]
  [220 208 204]
  [219 207 203]
  ...
  [ 30  32  32]
  [ 34  36  36]
  [ 34  36  36]]

 ...

 [[ 53  63  57]
  [ 54  64  58]
  [ 54  64  58]
  ...
  [ 48  56  55]
  [ 49  57  56]
  [ 50  58  57]]

 [[ 58  68  62]
  [ 58  68  62]
  [ 58  68  62]
  ...
  [ 47  55  54]
  [ 48  56  55]
  [ 50  58  57]]

 [[ 62  72  66]
  [ 62  72  66]
  [ 61  71  65]
  ...
  [ 47  55  54]
  [ 48  56  55]
  [ 49  57  56]]]
